socfb-Texas84,0.019289923817737531,0.033060227109386227,0.044214460255857409,0.088428920511714817,0.25309759954003164,0.28627281874371135,0.22193474198648844,0.094954721862871933,0.0041972114417133822
socfb-nips-ego,99.642857142857139,3.1428571428571428,0.0,0.0,0.0,0.10714285714285714,0.071428571428571425,0.10714285714285714,0.071428571428571425
socfb-Texas80,0.021832177577225522,0.038720594578453164,0.05819702047181393,0.10836457745777896,0.26941836159129368,0.25969673844520391,0.21205083114900958,0.077076213543913197,0.0017916984637844652
socfb-UVA16,0.023638794360719494,0.037615459406903258,0.043631502187651917,0.067391832766164311,0.21596985901798735,0.28232863393291202,0.2705396208070005,0.1011181332036947,0.0027345649003403015
socfb-UCLA26,0.033393829401088926,0.057868809955924291,0.072439719989629239,0.11366346901737101,0.23577910292973814,0.25532797511018929,0.22711952294529428,0.064661654135338351,0.0010370754472387865
socfb-UF,0.017648809523809525,0.034553571428571427,0.047738095238095239,0.094226190476190477,0.25931547619047618,0.28300595238095239,0.21997023809523811,0.0856547619047619,0.0028571428571428571
socfb-UF21,0.018002737606379812,0.034547402249598284,0.047729572100220198,0.094209367374873537,0.25926917812295425,0.28295542462655476,0.21993096470868298,0.085639469142415048,0.0028566327441528296
socfb-Wisconsin87,0.021928665785997357,0.039189784236019376,0.049581682078379569,0.099163364156759137,0.27600176133861737,0.31030383091149272,0.21259357111404667,0.039277851166886833,0.001321003963011889
socfb-Wake73,0.014793467819404419,0.02382324687800192,0.02862632084534102,0.061287223823246875,0.19116234390009607,0.2639769452449568,0.3206532180595581,0.1254562920268972,0.0023054755043227667
socfb-Trinity100,0.015031645569620253,0.023734177215189875,0.026898734177215191,0.070015822784810125,0.19541139240506328,0.32159810126582278,0.33030063291139239,0.050632911392405063,0.0
socfb-UMass92,0.02208322695940771,0.041230533571610925,0.056931324993617562,0.10856522849119224,0.28759254531529233,0.33182282358948173,0.18170793974980853,0.023423538422261934,0.00076589226448812867
socfb-William77,0.015890850722311396,0.028892455858747994,0.039967897271268059,0.072231139646869988,0.24317817014446227,0.31974317817014447,0.25216693418940611,0.065168539325842698,0.0016051364365971107
socfb-Yale4,0.034190136514573852,0.050055343746156687,0.048456524412741363,0.07588242528594269,0.18521707047103678,0.23822408067888329,0.30955602016972084,0.11105645062107981,0.0023367359488377813
socfb-Williams40,0.016741071428571428,0.024553571428571428,0.037202380952380952,0.058779761904761904,0.23921130952380953,0.328125,0.28720238095238093,0.04538690476190476,0.00074404761904761901
socfb-Tufts18,0.028458498023715414,0.04442687747035573,0.058023715415019765,0.096284584980237148,0.2392094861660079,0.28300395256916994,0.25217391304347825,0.054229249011857709,0.0006324110671936759
socfb-Temple83,0.039754388727072348,0.076989687475399513,0.090057466740140119,0.15531764150200739,0.30402267180980869,0.2478941982208927,0.13666063134692591,0.025663229158466503,0.0010233803038652287
socfb-USF51,0.038604425779357132,0.08116620901308351,0.10910999838475206,0.18187691810692941,0.31230818930705861,0.21353577774188337,0.11686318849943467,0.025924729445969956,0.00096914876433532547
socfb-UConn,0.022491138002689159,0.03648698203153649,0.048710426598215374,0.097604204864930932,0.2788167705659455,0.31438699425498107,0.2102432465468769,0.041620828749541622,0.001222344456667889
socfb-Vanderbilt48,0.021210952564596992,0.032909114282041393,0.036122894973646999,0.061190384368170717,0.17598663067232292,0.24411878133436174,0.325106054762823,0.13922097956035481,0.0014140635043064661
socfb-UCSD34,0.031183102611674039,0.057513914656771803,0.081989439132296268,0.13251034679606108,0.28221778221778221,0.27836449265020696,0.1720422434708149,0.030398173255316113,0.00042814328528614244
socfb-UGA50,0.017769633954063151,0.026931435633016577,0.034047811820854819,0.072442152810329397,0.22384625218391785,0.2781778667916649,0.2677376741807645,0.11514040993735884,0.0031959773298674736
socfb-Vermont70,0.031764534460148625,0.053620865510709603,0.073145854582544079,0.13565496138714847,0.34066734664141046,0.28471513915197433,0.13142940405070669,0.015736558356403904,0.00043712662101121958
socfb-UPenn7,0.035466515644910095,0.049341639529944782,0.048775307942800508,0.076879512954835055,0.19241115673226675,0.25208834772759453,0.29350134503751946,0.10526688376044174,0.0021945349001840577
socfb-UChicago30,0.042452830188679243,0.068965517241379309,0.07514638906961614,0.11792452830188679,0.2418672739102147,0.29180221210149643,0.20152895250487965,0.031554977228366948,0.00081327260897852958
socfb-WashU32,0.022794712705691934,0.036957108173725384,0.044240625842999731,0.065147019152953872,0.18545994065281898,0.28769894793633666,0.30159158349069326,0.10048556784461829,0.0016185594820609657
socfb-UC33,0.029115200403327452,0.055079405092009072,0.074048399294176961,0.13152256112931687,0.2748298462314091,0.27867406100327702,0.18036299470632719,0.03459793294681119,0.001008318628686665
socfb-Wellesley22,0.018511925952296192,0.042363830544677822,0.048771804912780346,0.12210751156995373,0.28301886792452829,0.31826272694909219,0.19651121395514418,0.02741189035243859,0.000355998576005696
socfb-Villanova62,0.026301663982823402,0.038110574342458403,0.040257648953301126,0.078234031132581858,0.23148148148148148,0.29696725711218463,0.26878690284487383,0.061460010735373057,0.0013419216317767043
socfb-UCSC68,0.031763026409707351,0.060789911967642163,0.076374018558172732,0.14537235308113253,0.32619557458957887,0.29145848203664049,0.12586247918153701,0.011777301927194861,0.0
socfb-UConn91,0.022853651084631835,0.036480293308890924,0.048701497097464103,0.097586312251756804,0.27876565841735412,0.31432936144210205,0.2102047051634586,0.041613198900091658,0.0012221203788573174
socfb-Virginia63,0.026028007323469743,0.043198574892374685,0.060022762135682119,0.11786827651046564,0.30610124202088179,0.2798258201791281,0.18095897867286853,0.040130634865653915,0.0010886238804493048
socfb-USFCA72,0.036799999999999999,0.063200000000000006,0.082799999999999999,0.15040000000000001,0.32679999999999998,0.28520000000000001,0.1132,0.0144,0.0
socfb-USC35,0.029509183980728697,0.046130683529057512,0.051309846431797652,0.079915688045769345,0.20873230954531768,0.25745257452574527,0.26070460704607046,0.11472448057813911,0.0020475760313158689
socfb-UIllinois,0.019803994709891824,0.032961443250025431,0.046084980840313337,0.086947675404388081,0.24782122147241345,0.28973515548170503,0.24225982569771778,0.077384787547899223,0.0012886160941367967
socfb-UCSB37,0.026917900403768506,0.050152298647021323,0.068923992349649355,0.11234681589572855,0.27874194233902388,0.29283842176099739,0.18460012750584401,0.041935255365870935,0.00021250974002975137
socfb-UIllinois20,0.020273935448874424,0.032953620829943041,0.046074043938161106,0.086927040954705728,0.24776240846216435,0.28966639544344996,0.24220233251966369,0.077366422565771628,0.0012883102793599132
socfb-Wesleyan43,0.018856977081520163,0.029010733971569481,0.034812880765883375,0.080359733101247457,0.24485059472004642,0.3182477516681172,0.27415143603133157,0.041775456919060053,0.00029010733971569482
socfb-UC64,0.049156856506522434,0.090836780146356988,0.10801781737193764,0.15256124721603564,0.31594018453706652,0.2424435252943048,0.11374482978046452,0.013999363665287942,0.00031816735602927139
socfb-Vassar85,0.011084984884111521,0.022169969768223042,0.026872690628149145,0.076251259657373199,0.24521330198186092,0.35707087672153176,0.25025193147463892,0.041652670473631172,0.0
socfb-UC61,0.03593834714584463,0.061497947486639302,0.081790721090542945,0.12446750832623345,0.26829835024397802,0.26388351018511347,0.17914956238866084,0.048408333978777786,0.0012392533498567114